0.0554
0.0593
0.0592
0.0565
0.0587
0.0594
0.0567
0.0592
0.0598
0.0575
0.0535
0.0537
0.0519
0.0515
0.0543
0.0534
0.0541
0.0521
0.0543
0.0544
0.0538
0.0539
0.0531
0.052
0.053
0.0543
0.0532
0.0511
0.0552
0.0552
0.1295
0.1333
0.1326
0.1285
0.1291
0.1303
0.1231
0.1306
0.1313
0.1312
0.1172
0.1167
0.1173
0.1194
0.1194
0.1183
0.1226
0.1208
0.1198
0.1162
0.1211
0.1197
0.1183
0.1212
0.1203
0.1288
0.1259
0.1361
0.1192
0.1185
0.2121
0.2012
0.1983
0.2061
0.248
0.2064
0.2091
0.2117
0.2329
0.2056
0.1926
0.1903
0.1928
0.1897
0.1935
0.1862
0.206
0.1876
0.1886
0.1913
0.1935
0.1944
0.1966
0.1948
0.1858
0.1963
0.184
0.1967
0.2048
0.1982
0.2893
0.2954
0.2851
0.3014
0.2987
0.3266
0.28
0.2905
0.2881
0.3075
0.2629
0.2673
0.2657
0.2658
0.262
0.2566
0.2503
0.2637
0.2598
0.2633
0.2691
0.2698
0.2634
0.2628
0.262
0.2674
0.2628
0.2709
0.2749
0.2811
0.3747
0.3944
0.3747
0.3822
0.3593
0.3833
0.3849
0.3814
0.3735
0.3675
0.348
0.3354
0.3457
0.3439
0.3352
0.3398
0.3398
0.3242
0.3326
0.3377
0.3291
0.3363
0.3386
0.3417
0.3494
0.3374
0.3466
0.3441
0.3629
0.3379
0.4619
0.4562
0.4492
0.4543
0.4491
0.4589
0.4671
0.4606
0.4707
0.4637
0.4057
0.4202
0.4141
0.4395
0.4108
0.3989
0.4124
0.4157
0.4341
0.4101
0.416
0.403
0.4196
0.4459
0.4347
0.4061
0.4213
0.4344
0.4301
0.4235
0.5452
0.5462
0.5701
0.5657
0.5574
0.5649
0.5485
0.5588
0.5682
0.566
0.504
0.5047
0.4913
0.4968
0.4956
0.5014
0.4989
0.4951
0.4829
0.5053
0.504
0.4933
0.5136
0.5159
0.4986
0.4793
0.5036
0.5065
0.5089
0.4966
0.6213
0.6111
0.6215
0.6753
0.6523
0.6637
0.6453
0.6443
0.637
0.6401
0.5602
0.5861
0.5627
0.5811
0.5825
0.5792
0.5821
0.5864
0.5717
0.5686
0.5822
0.5789
0.5837
0.5789
0.5927
0.5755
0.5496
0.5675
0.5796
0.5846
0.7215
0.7463
0.7639
0.7074
0.7553
0.7635
0.7399
0.743
0.7499
0.7086
0.6817
0.6579
0.6871
0.6795
0.6533
0.6698
0.6535
0.6501
0.6588
0.6671
0.6584
0.6549
0.6751
0.6435
0.6799
0.6878
0.6335
0.668
0.6707
0.7
0.8414
0.8317
0.8483
0.7819
0.7874
0.8393
0.8184
0.8451
0.8177
0.8431
0.7539
0.7194
0.7329
0.7489
0.7517
0.7384
0.7467
0.7631
0.7387
0.7571
0.7517
0.756
0.7156
0.7611
0.7652
0.7472
0.7241
0.7502
0.7834
0.7513
0.9401
0.9547
0.9236
0.9166
0.9391
0.9098
0.8859
0.914
0.9122
0.9249
0.833
0.8336
0.8277
0.8274
0.8324
0.7992
0.8489
0.8297
0.8168
0.824
0.8184
0.8582
0.8643
0.8373
0.8514
0.8155
0.8408
0.8276
0.8069
0.7917
1.0311
0.9929
1.0054
0.9864
1.035
1.0018
1.0098
1.051
1.0169
1.0292
0.9405
0.899
1.0128
0.9012
0.8883
0.934
0.9521
0.9098
0.9206
0.8921
0.9165
0.8947
0.9379
0.9098
0.8819
0.9632
0.9061
0.9457
0.9482
0.9953
1.1259
1.1266
1.0732
1.1014
1.1038
1.06
1.0673
1.1291
1.1541
1.1527
0.9837
0.9976
0.9996
0.9943
1.1331
1.0105
1.0113
0.9561
0.9789
1.0659
1.0127
1.0315
0.987
0.9975
1.0393
0.985
0.974
1.0182
1.0303
1.0033
1.2198
1.2094
1.2108
1.2169
1.1878
1.1952
1.1516
1.2035
1.2851
1.2266
1.0762
1.0426
1.054
1.0587
1.0736
1.0328
1.0873
1.0669
1.0814
1.1079
1.1307
1.0778
1.1121
1.1271
1.1456
1.0993
1.0503
1.0966
1.0629
1.1227
1.3244
1.3274
1.2805
1.31
1.3701
1.3
1.2826
1.295
1.2587
1.3223
1.1868
1.1497
1.1806
1.2379
1.1145
1.1889
1.1486
1.1986
1.1688
1.1114
1.1993
1.1883
1.1412
1.1406
1.1748
1.2143
1.1971
1.1859
1.1833
1.1911
1.4101
1.4025
1.4288
1.4241
1.3656
1.4137
1.4053
1.4049
1.3938
1.4203
1.2646
1.2416
1.2486
1.2773
1.2545
1.2944
1.2672
1.2757
1.2603
1.2653
1.287
1.2346
1.2813
1.2969
1.3031
1.2929
1.3383
1.2552
1.298
1.2511
1.5325
1.5441
1.4618
1.5017
1.4918
1.4774
1.4995
1.5036
1.4875
1.5176
1.3111
1.3996
1.3663
1.3348
1.3268
1.3308
1.3315
1.3548
1.3665
1.3353
1.3696
1.3214
1.2924
1.3467
1.3701
1.3476
1.3904
1.3686
1.3949
1.3663
1.6279
1.6354
1.5584
1.6142
1.5456
1.6028
1.6666
1.6361
1.5561
1.5852
1.4195
1.373
1.454
1.43
1.3859
1.4469
1.3902
1.4364
1.4119
1.4161
1.4041
1.401
1.5422
1.4689
1.4933
1.5266
1.6117
1.4538
1.4814
1.3707
1.7002
1.7037
1.6826
1.6402
1.693
1.6841
1.7318
1.7305
1.6486
1.7487
1.5286
1.5525
1.5648
1.5395
1.5375
1.5435
1.5682
1.5291
1.5281
1.5152
1.536
1.5272
1.5624
1.4544
1.5656
1.5631
1.5336
1.5446
1.5484
1.5214
1.7441
1.8216
1.8322
1.8048
1.7806
1.7773
1.8769
1.7286
1.7659
1.7585
1.666
1.6109
1.6709
1.6373
1.5126
1.6129
1.5998
1.6627
1.6572
1.5664
1.607
1.6423
1.5379
1.6095
1.5196
1.6254
1.6081
1.6172
1.6224
1.6323
1.911
1.8977
1.8597
1.9162
1.9023
1.9159
1.8859
1.8731
1.9285
1.958
1.6997
1.7246
1.6667
1.6723
1.6788
1.6565
1.7
1.6809
1.7444
1.7028
1.7133
1.7173
1.7644
1.682
1.7328
1.6485
1.7412
1.8363
1.6829
1.7453
2.0327
1.9829
1.9946
1.9935
1.9569
2.023
1.9514
1.9674
2.0114
1.9539
1.9355
1.7281
1.7956
1.7714
1.804
1.8669
1.8378
1.798
1.7383
1.7813
1.8378
1.8881
1.8726
1.7536
1.817
1.8339
1.8248
1.7711
1.8408
1.7485
2.1045
2.1623
2.1029
2.1202
2.073
2.0884
2.1206
2.1582
2.0818
2.0251
1.8857
1.9072
1.8962
1.8671
1.8549
1.9039
1.9761
1.8689
1.8731
1.8807
1.8314
1.8429
1.9119
1.7706
1.7974
1.8552
1.9139
1.8513
1.9065
1.9322
2.25
2.2861
2.3181
2.3082
2.2761
2.226
2.1001
2.2025
2.1665
2.2182
1.9529
1.9629
2.0988
1.972
1.8595
1.9429
2.0136
1.997
1.9864
1.9665
2.0335
1.9186
2.0128
2.0165
1.9136
1.9526
2.0197
1.9815
1.9336
1.9945
2.3588
2.2639
2.3402
2.3607
2.3189
2.281
2.3053
2.3159
2.3258
2.3485
2.0491
2.058
1.9664
1.9722
1.9924
2.0614
2.0849
2.0878
2.0496
2.0653
2.1579
2.1197
2.0204
2.0027
2.0638
2.149
2.1346
2.0439
2.1027
2.0618
2.4797
2.356
2.4601
2.4627
2.4335
2.422
2.4595
2.3993
2.4159
2.4772
2.2638
2.1615
2.2302
2.1781
2.1933
2.1592
2.1753
2.2602
2.1695
2.1945
2.2647
2.0761
2.1744
2.2168
2.1838
2.2013
2.2388
2.2275
2.0968
2.1037
2.346
2.5372
2.5557
2.5659
2.6935
2.4058
2.5946
2.4502
2.5579
2.6229
2.2544
2.2557
2.221
2.2245
2.2248
2.2459
2.2733
2.2621
2.2137
2.2325
2.2332
2.3242
2.1661
2.2757
2.2129
2.1815
2.3693
2.1588
2.2909
2.2488
2.6793
2.8201
2.6408
2.6507
2.757
2.5203
2.6497
2.6194
2.7702
2.5626
2.2998
2.2983
2.2768
2.35
2.3407
2.2192
2.3477
2.3441
2.2929
2.2466
2.3858
2.2018
2.5595
2.2356
2.4141
2.2422
2.4211
2.4827
2.5228
2.3832
2.6812
2.7069
2.876
2.7565
2.6994
2.7738
2.7237
2.6414
2.8416
2.8373
2.3963
2.4807
2.3034
2.4673
2.3577
2.4561
2.5019
2.3512
2.3891
2.3747
2.4804
2.4269
2.4536
2.3902
2.5194
2.5072
2.4166
2.3784
2.4161
2.4265
2.9046
2.9235
2.7428
2.9804
2.8732
2.7842
2.8811
2.8698
2.8406
2.8899
2.5228
2.5296
2.5927
2.3931
2.5319
2.4844
2.4883
2.4408
2.4833
2.5749
2.5606
2.5743
2.5497
2.6052
2.6436
2.611
2.6303
2.4139
2.4325
2.6157
