598
594
609
598
597
598
591
598
598
584
590
598
588
595
571
579
629
580
596
587
679
685
663
663
679
681
680
678
680
672
1508
1484
1508
1501
1476
1494
1490
1493
1521
1493
1272
1332
1320
1295
1283
1341
1293
1282
1303
1325
1438
1477
1471
1484
1470
1486
1443
1479
1475
1475
2537
2538
2524
2509
2517
2548
2504
2533
2546
2522
2074
2021
2001
2065
2024
2024
2033
1997
2010
2066
2281
2314
2302
2326
2332
2339
2323
2307
2338
2323
3641
3651
3642
3647
3619
3639
3626
3636
3692
3641
2805
2830
2802
2823
2826
2865
2803
2800
2863
2801
3150
3091
3144
3208
3112
3179
3163
3122
3144
3136
4841
4856
4853
4848
4848
4843
4857
4868
4823
4842
3806
3681
3764
3748
3726
3729
3754
3778
3688
3729
3849
3870
3890
3835
3912
3883
3890
3934
3919
3824
6130
6135
6044
6125
6079
6123
6088
6117
6099
6087
4420
4452
4499
4416
4393
4487
4425
4500
4552
4407
4924
5056
4883
4890
4848
4923
4875
4999
4949
4950
7405
7472
7399
7447
7457
7448
7408
7414
7411
7418
5235
5137
5177
5191
5243
5176
5176
5290
5212
5270
5879
5754
5805
5784
5942
5830
5960
6015
5921
5826
8747
8822
8796
8762
8801
8744
8798
8717
8729
8810
6108
6154
6076
6040
6116
6128
6108
6044
6139
6047
6662
6721
6684
6727
6682
6618
6681
6760
6735
6674
10200
10215
10160
10154
10149
10123
10189
10200
10115
10193
7039
7047
6975
7026
7043
6978
7025
7018
6990
7077
7502
7520
7509
7593
7486
7503
7521
7528
7492
7505
11595
11560
11582
11568
11547
11542
11509
11605
11578
11565
8005
7987
8021
7969
8030
8032
7930
8049
8043
8041
8210
8207
8279
8172
8153
8179
8235
8239
8211
8225
13045
13032
13031
12997
13032
13060
13026
13024
12993
12978
8762
8751
8705
8699
8735
8787
8695
8745
8738
8645
9360
9294
9332
9357
9220
9412
9386
9374
9397
9279
14492
14540
14426
14577
14509
14478
14526
14593
14484
14521
9507
9453
9420
9508
9453
9431
9416
9431
9369
9372
10564
10396
10424
10447
10489
10465
10479
10430
10447
10427
16030
16069
16045
16019
16032
16054
16073
16095
16041
16058
10365
10301
10398
10378
10381
10382
10444
10428
10216
10448
11331
11489
11487
11549
11298
11369
11455
11420
11467
11550
17596
17646
17592
17594
17621
17606
17588
17580
17570
17558
11300
11261
11125
11186
11179
11165
11117
11134
11061
11077
12394
12507
12465
12513
12475
12336
12381
12369
12526
12485
19092
19106
19132
19131
19067
19147
19153
19144
19103
19161
12165
12098
12243
12138
12108
12067
12120
12076
12136
12088
13280
13284
13268
13535
13274
13264
13318
13330
13328
13180
20743
20700
20694
20627
20731
20698
20697
20732
20642
20716
13010
13067
12905
12980
13074
13024
13005
13054
13041
13075
14218
14323
14156
14264
14226
14215
14368
14175
14178
14214
22377
22264
22264
22266
22346
22248
22287
22308
22337
22274
13805
13993
13782
13875
13949
13816
13926
13906
13902
13826
15157
15156
15205
15213
15206
15266
15155
15204
15049
15205
23875
23983
23944
23925
23847
23880
23938
23973
23943
23886
14955
14977
14999
14864
14852
14985
14830
14963
14882
14957
15962
15970
15790
16022
15877
15951
16050
15917
15948
15980
25469
25560
25541
25523
25526
25536
25503
25527
25523
25617
15952
15931
15916
15925
16003
15904
15818
15935
15927
15835
16811
16695
16806
16704
16676
16704
16697
16723
16740
16869
27167
27128
27147
27178
27219
27066
27166
27175
27190
27212
16982
17171
17095
17032
17083
16964
17031
17061
16984
17077
17359
17452
17354
17454
17418
17363
17477
17365
17329
17387
28882
28861
28871
28867
28787
28858
28855
28802
28830
28772
17907
17978
17851
17974
17964
18011
17981
17884
17965
17859
18457
18528
18462
18508
18409
18495
18431
18432
18387
18383
30511
30498
30489
30534
30529
30459
30574
30502
30439
30487
18664
18501
18549
18599
18461
18532
18575
18704
18598
18593
19698
19765
19716
19726
19840
19774
19643
19847
19880
19608
32167
32273
32224
32205
32177
32192
32244
32182
32226
32135
19508
19295
19322
19591
19395
19551
19383
19480
19384
19347
20671
20951
20971
20947
20848
20971
20881
21000
20803
20993
33979
33983
33920
33903
34125
33937
33962
33972
33940
33839
20233
20221
20248
20089
20078
20092
20168
20126
20017
20266
22178
22006
22068
22082
22090
21924
22150
22023
22104
22096
35693
35640
35607
35656
35619
35685
35695
35674
35617
35634
21076
20993
20938
21081
21253
21044
20825
20874
21067
20807
23302
23110
23192
23013
23297
23140
23193
23176
23292
23357
37411
37442
37398
37317
37444
37273
37403
37401
37395
37429
22124
21674
21876
22025
22037
21768
21955
22169
21911
22092
24113
24231
24375
24127
24470
24063
24276
24229
24156
24097
39279
39133
39201
39146
39144
39137
39145
39153
39098
39134
22943
22783
22788
22749
23018
22798
22770
22863
22630
22833
25310
25273
25197
25208
25379
25311
25398
25332
25275
25326
40958
40888
40911
40788
40962
40780
41019
40971
40864
40924
23759
23776
23707
23758
23623
23727
23543
23800
23733
23788
26396
26138
26294
26359
26312
26266
26347
26408
26326
26272
42701
42681
42582
42737
42712
42579
42644
42721
42782
42605
24615
24752
24470
24791
24696
24754
24773
24728
24614
24703
27369
27388
27336
27637
27174
27237
27194
27147
27371
27158
44514
44433
44544
44464
44450
44365
44429
44324
44443
44594
25716
25757
25684
25639
25692
25767
25833
25829
25766
25781
28096
28141
28133
28173
28127
28167
28159
28142
28146
28019
