808
724
723
675
705
688
745
661
789
710
6611
6657
7044
6604
6666
6651
7084
7030
6620
6693
6529
6932
7359
6767
6883
6874
6550
6560
6865
6828
1983
1738
1858
1684
1746
1710
1661
1893
1764
1735
24064
23878
24025
23953
24220
23805
23920
23330
23958
23926
23994
23642
24377
23969
23436
23555
23806
24172
23893
23595
3295
3252
3039
3002
3126
2907
2879
2792
3027
3060
50512
50044
50594
51043
50676
50859
50838
50643
50578
50840
50811
50862
50676
50246
51073
50326
50344
50765
50144
50964
4172
4454
4728
4677
4323
3999
4118
4248
4562
4402
87832
87864
87901
87185
88039
87927
88177
87704
88236
87549
87230
87514
87752
86998
87792
87763
87215
87846
87966
87566
6185
6343
5511
5695
6281
5640
5904
5664
6027
5651
134661
134423
134729
135413
133996
134242
134699
134492
135899
134787
134444
133973
134509
135018
134736
134220
134911
134468
134546
134752
7536
7062
7356
7783
7105
7745
7523
7077
7271
7676
191483
192103
191180
191973
191725
191829
191623
190554
191849
191799
191978
191613
190156
190457
190775
191679
191168
190816
191928
191735
8775
8744
9289
9804
8800
8860
8920
8788
9298
8056
258422
258708
257884
258472
259299
258608
258459
258997
259044
258446
257276
258475
258590
257619
258763
258706
257676
258938
257784
258934
10520
10957
10069
10148
9958
11140
10718
11284
9743
11040
335352
335040
335919
335713
335863
335797
335892
335626
335745
335310
335581
335010
335337
334351
335220
333785
335472
335538
335325
334986
12103
11990
11566
11698
11833
13597
11793
12320
12418
12056
422743
422394
422497
422286
422603
422348
423194
422428
422531
423014
422787
421110
420735
421020
423095
422802
422538
420165
422823
421527
13348
13466
15373
14027
14173
13889
14956
13921
13707
13515
520631
519970
519626
519244
519804
519824
519602
519002
518858
518478
519032
518190
520929
518557
519284
518198
518617
518255
519332
518656
16119
15556
15770
16159
15171
14831
16234
15886
15259
14940
625558
627359
627104
626139
627349
626046
626114
626839
626580
627594
626244
625589
624819
624616
626097
625930
626380
625170
625442
625062
19391
17131
17287
16790
16457
16847
16663
19055
17862
17325
744612
744215
744201
743200
743869
743135
744477
743995
743753
743300
742787
742524
742048
741825
743081
741913
742449
743120
741871
743990
17657
19299
21765
21600
20192
19624
19232
20400
20206
21320
870667
869541
870320
872608
870493
870663
870538
870792
869896
870144
870726
869310
868946
867704
869417
867717
870042
866559
870792
869188
24125
20508
21494
21020
20351
20840
21700
20328
20532
20536
1007424
1008409
1008248
1007671
1007492
1007532
1006814
1008475
1007415
1007432
1006106
1007577
1005252
1005816
1005088
1006709
1006089
1007428
1003582
1005828
23470
22779
24748
22696
23097
23398
23411
23037
22566
25384
1154480
1154243
1154498
1155157
1154404
1154646
1153838
1154095
1155442
1154254
1154288
1154399
1153653
1153250
1154079
1152847
1153777
1154434
1149551
1151109
23966
25314
23520
23952
24603
25207
24034
25038
26961
24201
1310915
1311853
1312219
1312225
1311474
1310926
1311519
1310232
1311862
1311663
1310093
1309942
1306071
1308239
1309164
1309288
1305982
1310152
1309918
1311583
25908
29794
27487
27311
27459
29120
27977
27306
26662
26853
1477927
1478850
1478475
1478163
1478601
1478230
1478882
1478351
1477237
1479097
1478363
1477879
1475207
1474568
1476656
1477006
1478347
1476326
1478347
1475207
31285
27267
30448
28456
28783
28935
27776
29553
30071
29000
1654843
1653957
1655898
1655492
1655403
1656309
1655049
1654795
1655355
1654648
1654422
1650060
1651072
1653047
1649370
1652092
1654290
1652437
1648824
1652538
30617
29631
32300
32084
31596
33202
30315
30238
33848
30275
1842960
1842093
1843179
1842029
1842197
1842221
1842690
1842277
1841634
1842646
1837378
1836030
1841220
1841035
1838442
1842992
1835615
1841285
1838322
1839129
30642
31509
32020
31730
32603
32677
31952
32683
33659
33386
2038734
2039357
2039562
2038305
2039541
2039225
2039912
2039867
2039022
2039116
2033876
2037423
2035254
2034930
2036044
2036317
2033067
2035583
2036324
2036972
36100
36157
35281
35910
34335
38562
33360
35129
37425
32876
2246403
2245413
2246075
2245786
2245359
2246451
2246123
2246566
2246449
2246310
2244578
2244267
2241544
2245141
2241400
2238856
2242178
2241300
2239803
2242362
37938
38779
39272
35895
38971
37384
40414
37274
35776
37389
2463570
2462966
2463524
2462554
2463161
2463605
2463488
2462731
2463174
2463081
2459858
2460744
2457339
2460555
2459973
2462080
2460356
2461724
2458267
2455193
38363
37224
38354
37651
38791
41630
37785
38183
38610
39096
2690722
2690083
2690552
2691528
2690212
2690157
2690291
2689354
2690669
2690098
2686770
2685963
2685510
2684112
2685996
2685756
2685313
2682274
2685414
2689534
41161
40529
40516
41584
40837
43191
39996
42207
43791
38733
2926610
2928101
2927654
2927975
2926448
2926742
2926270
2927489
2926960
2926239
2917579
2923811
2924062
2922407
2922470
2924803
2922071
2919305
2918779
2926330
42997
44043
43116
46048
44496
44337
48347
42637
41749
44087
3173870
3175438
3174444
3174642
3175017
3174233
3174095
3174573
3174912
3174167
3172718
3169454
3170743
3162664
3172567
3171795
3168244
3171028
3170472
3173832
44530
43368
45519
43360
45168
46388
45085
44434
43796
43727
3432120
3431516
3431049
3431022
3430974
3430686
3431455
3431689
3431153
3431258
3424989
3426059
3425322
3421954
3428422
3424005
3424010
3425252
3430666
3428613
47179
50045
49203
46992
47044
46097
48770
50697
46449
52811
3697850
3698006
3698328
3697880
3698061
3697751
3698107
3698464
3697846
3698385
3691417
3691658
3689360
3694460
3693464
3694831
3695427
3692187
3689733
3693491
48471
49802
49292
48174
53183
48899
53720
49622
51094
50935
3974931
3975156
3975855
3975650
3975493
3975000
3975613
3974227
3975187
3975236
3967347
3970462
3968996
3967604
3969221
3972060
3972307
3967942
3970210
3966282
50762
52522
53550
54341
52078
53668
51995
55205
51990
51344
4262769
4261862
4262400
4262274
4262277
4262564
4262047
4262145
4262194
4262299
4255629
4257785
4258475
4254572
4254295
4258505
4258681
4254635
4255494
4255020
52016
53415
52907
53381
57167
54954
53880
56547
55910
53738
4559463
4559425
4559136
4559424
4559356
4559655
4559164
4559310
4558980
4559313
4550120
4547522
4546847
4554572
4553414
4552845
4551761
4551041
4553080
4550600
