0.0314
0.042
0.0381
0.0305
0.0278
0.0281
0.028
0.0274
0.0266
0.0293
0.1163
0.1076
0.1117
0.1036
0.1026
0.0993
0.1096
0.1145
0.1026
0.1106
0.1237
0.1176
0.1229
0.1268
0.1288
0.1205
0.1348
0.1211
0.1265
0.122
0.06
0.0617
0.0684
0.0586
0.0606
0.0694
0.0535
0.0587
0.0572
0.0602
0.4051
0.3694
0.3596
0.3438
0.4064
0.3692
0.3464
0.3844
0.3523
0.3491
0.4113
0.3896
0.4245
0.4092
0.4127
0.4011
0.4059
0.4055
0.4457
0.4058
0.1021
0.0986
0.098
0.0907
0.0977
0.0916
0.0922
0.0949
0.0917
0.0957
0.7609
0.7663
0.782
0.7461
0.8059
0.7636
0.7609
0.7468
0.778
0.7776
0.8586
0.8407
0.884
0.857
0.8919
0.8814
0.8236
0.818
0.8729
0.9038
0.1264
0.1368
0.1316
0.152
0.1339
0.1359
0.1283
0.1248
0.1397
0.1361
1.3387
1.3232
1.2942
1.2982
1.2637
1.3223
1.3228
1.3061
1.2701
1.2561
1.486
1.4718
1.4043
1.4955
1.4531
1.4545
1.5079
1.4715
1.5182
1.4649
0.1873
0.1995
0.1748
0.1812
0.188
0.1627
0.1642
0.1711
0.1814
0.1808
2.0064
1.988
1.898
1.9026
1.8727
2.1064
1.9414
1.9707
1.9807
1.9019
2.2601
2.197
2.1838
2.2085
2.2171
2.172
2.2202
2.2543
2.2768
2.2298
0.2084
0.2093
0.212
0.2341
0.2121
0.2368
0.2132
0.2106
0.2377
0.2219
2.9346
2.6715
2.748
2.8054
2.8552
2.8731
2.8262
2.6957
2.7737
2.7507
3.1631
3.2023
3.1357
3.3268
3.1193
3.313
3.2573
3.245
3.1981
3.182
0.2541
0.2645
0.2653
0.2863
0.2868
0.2732
0.2527
0.2673
0.2594
0.2531
3.9133
3.8507
3.6826
3.7535
3.7436
3.7586
3.7008
3.6721
3.6649
3.7413
4.0918
4.2492
4.1952
4.2598
4.3087
4.2014
4.1326
4.269
4.1913
4.3158
0.2939
0.2983
0.2773
0.2826
0.2927
0.3184
0.3279
0.3489
0.2751
0.293
4.7945
4.8001
4.9957
5.1444
4.9426
4.8532
4.9017
4.8757
4.7418
4.698
5.6054
5.4797
5.4828
5.5401
5.4508
5.5704
5.4252
5.3927
5.5069
5.3887
0.3784
0.3189
0.3349
0.3252
0.3315
0.3628
0.3322
0.3963
0.3585
0.3282
6.0343
6.165
6.1409
5.9093
6.3187
5.9381
5.8758
6.1296
6.0067
6.1649
7.2182
7.0115
7.0891
6.8446
6.8298
6.8417
7.0677
7.1177
6.8812
6.9565
0.3709
0.4328
0.4246
0.4059
0.3807
0.392
0.4083
0.3784
0.3718
0.4167
7.3935
7.2827
7.2916
7.4851
8.5306
7.362
7.65
7.3347
7.7955
7.4994
8.4515
8.3229
8.5427
9.6079
8.4426
8.3393
8.6333
8.3513
8.3619
8.3958
0.4666
0.4276
0.4429
0.4548
0.474
0.4416
0.4535
0.4683
0.4287
0.4578
9.0215
8.8239
8.8834
8.8685
9.278
8.8095
8.8803
9.0619
8.7335
8.7682
10.4873
10.046
10.3666
10.3076
10.2619
10.3557
10.1543
10.0609
10.2822
10.218
0.5207
0.4799
0.4876
0.454
0.4871
0.4686
0.4737
0.4882
0.4828
0.4488
10.4921
10.5606
10.632
10.3123
10.6695
10.6717
10.5807
10.6775
10.4374
10.6516
12.2247
11.9399
12.2337
11.9203
12.2081
12.0395
12.3368
12.1247
12.3056
12.3305
0.5278
0.5173
0.6363
0.5736
0.5349
0.5174
0.5174
0.5589
0.5199
0.5397
12.1986
12.1685
12.4709
12.2716
12.2312
12.0876
12.6321
12.4314
12.6027
12.3946
14.8321
14.2886
14.0018
14.2556
13.8589
14.0924
14.3865
13.9162
14.3054
14.2417
0.6649
0.551
0.5967
0.5671
0.5389
0.5491
0.5344
0.5571
0.5655
1.2184
14.235
14.1701
14.0852
14.4889
14.4729
14.1412
14.3914
14.2063
14.2042
14.0715
16.1532
16.3042
16.0957
16.0512
16.6485
16.6077
16.0715
16.5746
16.3394
16.7284
0.5984
0.6312
0.6498
0.6093
0.6111
0.6487
0.6464
0.6315
0.6363
0.6548
16.2954
16.3664
16.2057
16.5979
16.3527
15.9763
16.6614
16.6239
16.2139
16.2794
18.7277
18.4495
19.4088
18.2708
18.488
18.7802
18.6479
18.4091
18.8606
18.9293
0.6407
0.6296
0.5853
0.6358
0.6257
0.7089
0.6323
0.6764
0.6898
0.6914
18.6278
18.6914
18.6036
18.7103
19.0865
18.4247
18.6048
18.4282
18.9527
18.6305
20.8469
21.2986
20.9765
21.0502
21.2668
21.0348
21.2184
20.7715
21.4172
20.8208
0.6993
0.7751
0.7181
0.6987
0.7463
0.7071
0.7175
0.6971
0.7044
0.677
20.9455
20.6543
21.0929
20.5296
21.2349
20.9652
21.2078
20.9857
20.6491
20.9382
23.8763
23.8921
23.5823
23.8598
24.0875
23.6898
23.6899
24.3053
24.2693
23.875
0.8313
0.7175
0.7909
0.7686
0.7269
0.7244
0.7178
0.8295
0.7934
0.7143
23.4349
23.2897
23.5459
23.4739
23.6132
23.6059
23.2451
23.1668
23.3968
23.3301
27.0593
27.1411
27.0362
26.7055
26.6073
26.3726
26.4774
26.799
26.5146
26.6928
0.8813
0.762
0.8109
0.82
0.813
0.887
0.78
0.8419
0.8432
0.7931
26.1583
25.776
25.6222
25.6808
26.252
26.0043
26.199
25.6991
25.6059
25.5507
29.5681
29.5972
30.9763
29.8672
29.6111
29.0639
30.3623
29.4843
30.2747
29.1174
0.8002
0.8127
0.8966
0.8235
0.8657
0.7962
0.8553
0.8199
0.8527
0.9015
28.584
28.401
28.3995
28.7949
28.5075
28.6442
28.5792
28.981
28.9123
28.5351
32.4525
32.4974
32.9795
32.4761
32.8633
32.7355
33.1785
32.2267
33.0426
32.6711
0.9106
0.9541
0.9649
0.9415
0.903
0.9832
0.8712
0.9149
0.9508
0.832
31.0221
31.4632
31.4656
31.953
31.7202
32.0693
31.4166
32.0158
32.1291
32.0018
36.8628
35.6295
36.3603
36.3006
35.4069
35.6239
36.1091
36.3755
35.8685
35.7168
0.9719
0.906
0.9629
1.0251
1.0189
0.9617
0.948
0.9138
0.8905
0.9467
34.4509
34.656
34.9326
35.1917
34.4593
34.6325
34.6521
34.2726
34.1474
34.5122
39.4794
39.2206
39.2709
39.3873
39.029
40.0016
39.3935
39.9588
39.1119
39.4065
0.9896
0.9752
0.9611
0.9478
0.994
1.0627
0.9752
0.9395
0.9633
1.012
37.5921
38.0166
37.5893
37.5145
37.7888
38.2802
37.7893
37.5605
38.2855
38.3396
43.7286
43.2739
49.6974
43.5227
43.3079
42.9394
43.2406
43.6039
43.2877
43.0377
1.0383
0.9975
0.9822
1.0072
0.9982
1.0264
1.103
1.0514
1.178
0.9705
41.8816
41.3311
40.9311
42.0504
41.2823
40.9757
40.7907
40.9766
41.1584
42.2484
46.8195
46.505
46.3442
47.4717
47.3318
47.081
46.4537
46.6637
46.8797
46.6164
1.1046
1.1112
1.1844
1.2688
1.2027
1.1872
1.1633
1.0575
1.1005
1.1065
45.2653
44.7336
44.6906
45.031
44.2201
45.7448
44.1346
43.988
44.5651
44.8951
51.155
51.1877
51.1697
51.3956
51.7887
50.847
51.2972
51.1503
50.7696
51.6693
1.138
1.0454
1.1238
1.0937
1.1533
1.08
1.0973
1.0887
1.0573
1.1351
47.9273
48.6924
48.1878
48.4499
48.7644
48.5526
48.1274
48.6155
48.2852
48.3837
55.8094
55.6705
55.9164
55.3048
56.5684
55.3173
54.7644
55.0553
55.5024
55.2782
1.1703
1.2321
1.2935
1.1622
1.2119
1.1509
1.2125
1.2875
1.149
1.2973
52.0132
52.3236
51.5856
51.9407
51.9437
52.1314
51.7509
51.9015
52.6936
54.3322
60.0307
59.5469
59.2586
59.3171
59.2462
59.9319
59.8655
59.4372
59.775
59.6362
1.2149
1.1988
1.2131
1.18
1.3971
1.2545
1.3724
1.1596
1.272
1.2531
56.0506
56.2176
55.5513
56.0802
56.882
55.841
55.7508
56.3382
57.039
57.0284
63.9757
66.0402
64.9045
66.5045
64.6465
64.3529
64.1179
64.1634
64.0396
63.347
1.2627
1.3084
1.3696
1.4801
1.3338
1.2945
1.2455
1.5146
1.3106
1.2949
60.2631
60.3551
59.7758
59.0731
59.5075
58.9841
60.1366
59.8032
60.5349
59.9965
69.6935
68.8237
70.9327
69.5376
68.6649
68.4609
68.9223
69.0607
69.1133
69.2748
1.3
1.2647
1.3453
1.3145
1.4431
1.3477
1.3741
1.3375
1.4765
1.3871
64.9524
64.2906
63.7779
64.3327
64.0973
63.3253
63.8945
64.7874
63.962
63.5386
73.724
74.6813
72.2027
72.656
72.5577
73.3927
73.6493
73.0055
74.125
74.1551
