0.0433
0.0411
0.1069
0.0487
0.0443
0.0407
0.0434
0.0428
0.0563
0.0473
0.0456
0.0526
0.0397
0.0417
0.0417
0.0407
0.0487
0.0394
0.0587
0.0445
0.0453
0.0431
0.0473
0.0431
0.042
0.0472
0.0414
0.042
0.0347
0.0423
0.089
0.0951
0.085
0.0859
0.1026
0.0832
0.1028
0.0918
0.0975
0.1629
0.086
0.0882
0.0858
0.0852
0.0822
0.0909
0.09
0.0875
0.1085
0.0956
0.0828
0.0932
0.0848
0.0827
0.0821
0.0877
0.0838
0.0952
0.0804
0.0872
0.13
0.1211
0.1257
0.1251
0.1344
0.1331
0.129
0.1311
0.1354
0.132
0.1274
0.1361
0.1406
0.1275
0.1158
0.2019
0.123
0.1251
0.131
0.1287
0.1392
0.1302
0.1378
0.2044
0.12
0.1312
0.1269
0.1268
0.1053
0.1252
0.167
0.1617
0.1506
0.1541
0.1453
0.1516
0.1581
0.1539
0.1528
0.1496
0.1781
0.1827
0.167
0.1897
0.1609
0.163
0.1813
0.1644
0.1571
0.2902
0.165
0.1779
0.1634
0.1708
0.1659
0.1601
0.1823
0.1585
0.2034
0.1826
0.2035
0.193
0.1815
0.1872
0.1675
0.1899
0.1784
0.1844
0.1715
0.1726
0.2201
0.1919
0.2242
0.1968
0.3568
0.2234
0.211
0.1969
0.2118
0.2029
0.1979
0.2052
0.1981
0.2186
0.2445
0.2457
0.2071
0.2
0.2025
0.2089
0.2042
0.2017
0.2018
0.1979
0.2059
0.2047
0.2117
0.2035
0.2177
0.1981
0.2647
0.2408
0.2303
0.2496
0.2492
0.2792
0.2297
0.2467
0.2287
0.2641
0.2542
0.2635
0.26
0.252
0.2371
0.2257
0.2396
0.2446
0.2644
0.2418
0.2414
0.2464
0.2225
0.2807
0.2428
0.2554
0.2449
0.2899
0.2539
0.2469
0.3206
0.3154
0.2911
0.2833
0.2806
0.2856
0.285
0.2811
0.3223
0.2941
0.2837
0.2659
0.2687
0.2944
0.3176
0.2779
0.2725
0.2805
0.2785
0.2791
0.2544
0.2658
0.3009
0.266
0.2556
0.2593
0.2659
0.2561
0.2744
0.2625
0.315
0.3249
0.3135
0.3148
0.3085
0.36
0.3219
0.2993
0.3255
0.3257
0.3032
0.3196
0.3044
0.3322
0.3208
0.3132
0.3233
0.3007
0.3142
0.3405
0.2915
0.2916
0.3033
0.2918
0.2947
0.2923
0.2853
0.279
0.2784
0.3253
0.3783
0.4154
0.3566
0.3761
0.3384
0.3486
0.3636
0.3455
0.3621
0.3481
0.3935
0.3572
0.3624
0.3625
0.3486
0.3804
0.3732
0.3381
0.337
0.3498
0.3171
0.318
0.3473
0.3461
0.3032
0.326
0.3534
0.3234
0.3176
0.3599
0.394
0.3776
0.3921
0.3909
0.37
0.479
0.389
0.3973
0.3897
0.3947
0.4183
0.3767
0.3875
0.397
0.4114
0.3752
0.3946
0.4022
0.3966
0.4034
0.3596
0.3506
0.3499
0.388
0.3541
0.3534
0.3702
0.3982
0.3572
0.3614
0.5068
0.448
0.4281
0.4045
0.4296
0.62
0.4571
0.4582
0.4428
0.4709
0.4285
0.456
0.4357
0.4958
0.4446
0.4239
0.4505
0.4642
0.4549
0.4409
0.4142
0.4014
0.4262
0.3976
0.4281
0.4043
0.3841
0.4038
0.4528
0.3839
0.4638
0.473
0.482
0.4631
0.4995
0.5001
0.466
0.4602
0.4728
0.4731
0.4633
0.4663
0.5006
0.6292
0.4871
0.4498
0.4748
0.5015
0.4829
0.5783
0.4721
0.4185
0.4393
0.4276
0.4634
0.4256
0.4389
0.7714
0.4301
0.4284
0.5056
0.5018
0.5673
0.5533
0.5299
0.5374
0.5146
0.5253
0.5297
0.5024
0.5329
0.5154
0.5428
0.6139
0.505
0.5006
0.5079
0.4969
0.5274
0.5166
0.4693
0.4724
0.462
0.4683
0.4533
0.4704
0.4796
0.4905
0.4633
0.4619
0.5649
0.6722
0.5802
0.5304
0.5253
0.5583
0.5602
0.5638
0.546
0.5318
0.5535
0.5625
0.536
0.552
0.5416
0.5802
0.5635
0.5591
0.556
0.5435
0.5577
0.7117
0.7523
0.5515
0.5122
0.5671
0.5383
0.5427
0.5752
0.5032
0.65
0.6387
0.6398
0.6777
0.637
0.647
0.5918
0.5915
0.622
0.5779
0.6274
0.5927
0.5847
0.6355
0.613
0.6268
0.6094
0.6678
0.6741
0.6036
0.5811
0.5419
0.5742
0.592
0.5599
0.5991
0.5656
0.5762
0.5496
0.5729
0.6754
0.6745
0.7117
0.6564
0.657
0.6759
0.6873
0.6734
0.6739
0.6685
0.6561
0.6515
0.7022
0.6822
0.6583
0.6275
0.7141
0.6953
0.6607
0.6467
0.7641
0.6595
1.0462
0.9479
0.6277
0.6472
1.002
0.6374
0.6253
0.6492
0.7663
0.7229
0.6968
0.7317
0.7348
0.718
0.764
0.8657
1.0076
0.7054
0.7574
0.7514
0.7786
0.8903
0.7539
0.6996
0.7073
0.719
0.712
0.7344
0.6257
0.6049
1.1768
1.1402
1.0514
1.0647
1.1155
1.0861
1.0903
1.0858
1.2387
1.2355
1.2651
1.3011
1.3132
1.231
1.217
1.273
1.2746
1.2388
1.2373
1.2628
1.2324
1.2457
1.2454
1.3084
1.2905
1.2652
1.2368
1.2302
1.1809
1.2111
1.1668
1.1448
1.1271
1.2009
1.1495
1.1776
1.1433
1.1387
1.2611
1.3293
1.2724
1.3483
1.4062
1.2991
1.3311
1.4301
1.3897
1.2946
1.309
1.3659
1.2997
1.2756
1.3264
1.3266
1.2839
1.2996
1.2957
1.3089
1.1707
1.2116
1.203
1.2427
1.2563
1.2168
1.2883
1.2421
1.2377
1.1934
1.3353
1.358
1.3329
1.3313
1.3121
1.4032
1.3817
1.3955
1.4101
1.3429
1.4806
1.3976
1.3915
1.3836
1.4719
1.4113
1.3599
1.3329
1.3512
1.3569
1.3289
1.2811
1.3407
1.3631
1.2869
1.3028
1.2684
1.2318
1.3002
1.2867
1.4901
1.4919
1.4066
1.4439
1.4291
1.4972
1.4266
1.455
1.4348
1.4692
1.5242
1.3934
1.4411
1.4516
1.4519
1.4244
1.4553
1.4688
1.5028
1.4204
1.3651
1.3761
1.3407
1.4617
1.3617
1.5136
1.6438
1.3906
1.3891
1.3665
1.4863
1.4494
1.5188
1.5027
1.5897
1.5645
1.6331
1.6026
1.662
1.5655
1.6211
1.5501
1.5664
1.5413
1.5009
1.5338
1.5412
1.5342
1.571
1.498
1.487
1.4248
1.4471
1.4777
1.4304
1.4066
1.4632
1.4657
1.4788
1.4406
1.6125
1.5679
1.5918
1.5788
1.5423
1.6147
1.7211
1.6566
1.5461
1.549
1.5618
1.5884
1.5922
1.5787
1.6518
1.5898
1.5843
1.5967
1.5968
1.5717
1.5597
1.5172
1.5688
1.5168
1.5095
1.5743
1.5175
1.5195
1.5316
1.5493
1.713
1.5904
1.661
1.6586
1.6911
1.7246
1.6931
1.6923
1.6789
1.6683
1.6295
1.6357
1.6321
1.6529
1.6709
1.6571
1.6468
1.6458
1.6428
1.6094
1.6439
1.5368
1.6082
1.5994
1.5865
1.6169
1.6101
1.6106
1.6124
1.635
1.7284
1.7368
1.7552
1.7636
1.8827
1.7651
1.7313
1.7462
1.8168
1.7073
1.7265
1.7774
1.7077
1.7525
1.7681
1.7301
1.6513
1.6957
1.7362
1.7534
1.6639
1.7248
1.7518
1.71
1.7704
1.7071
1.6149
1.6558
1.7441
1.6713
1.7965
1.7881
1.7916
1.8074
1.9285
1.7778
1.789
1.7643
1.8721
1.839
1.8221
1.8449
1.8769
1.7738
1.7792
1.8694
1.7867
1.8903
1.8901
1.8532
1.8905
1.7808
1.7733
1.8029
1.9178
1.9859
1.9487
1.8455
1.8478
1.8865
1.883
1.8605
1.8536
1.8012
1.9463
2.0157
1.9279
2.0414
1.9738
1.9389
1.9876
1.9512
1.87
1.8483
1.8534
1.8557
1.8359
1.8345
1.8674
1.8784
1.8948
1.8666
1.9658
1.8748
1.8396
1.9039
1.9932
1.864
1.8777
1.8854
1.9317
1.9311
1.9401
1.8998
1.8923
1.917
1.9139
1.9041
1.9239
1.9117
1.9467
1.9413
1.9006
1.9204
1.9125
1.9211
1.9135
1.9512
1.943
1.977
2.0467
1.9603
1.953
1.9784
1.9706
1.9964
2.0457
2.0141
2.0081
1.9548
2.0028
1.9976
2.0201
2.0815
2.0228
1.9835
1.9587
1.9732
1.9726
1.9529
1.9568
2.027
1.9836
2.0532
1.99
1.9251
1.9739
1.9869
1.933
1.9722
1.9946
2.1173
2.0008
2.0637
2.1607
2.0291
2.0353
2.0262
2.0317
2.0841
2.0117
2.2335
2.2065
2.0436
2.0929
2.1254
2.143
2.0742
2.0404
2.0271
2.1231
2.0461
2.0649
2.0727
2.0825
2.036
2.0675
2.0504
2.0492
2.0315
