85
87
101
85
84
72
89
89
97
90
1434
1891
1681
1768
1801
1631
1600
1831
1444
1492
1363
1493
1650
1380
1670
1380
1424
1332
1424
1283
304
295
298
318
300
298
289
294
324
321
3243
3330
3306
3644
3046
3377
3141
3403
3483
3265
3074
3196
3128
3159
3136
3208
3101
3299
2974
2912
583
670
648
643
670
613
625
617
652
653
5057
5550
4867
5102
4989
5043
5201
5289
5240
5060
4524
4749
4712
4399
4523
4872
4478
4734
4484
4500
1036
1095
980
1042
972
1060
1030
1050
1022
1049
7425
6869
6421
7180
6793
6699
6650
7174
6904
6808
6579
6606
6243
6101
6578
6424
6509
6222
6771
6246
1518
1513
1493
1480
1475
1496
1567
1512
1457
1498
8065
7954
8830
8832
9222
8921
8089
9145
9032
8478
7711
7488
7593
8325
7918
7846
7950
7700
8135
7791
2062
2101
2019
2053
2120
1959
2050
1991
1952
1924
9942
9981
10488
10613
10138
10754
9951
11063
10195
9866
9860
9046
9478
8945
9083
9249
9280
9182
9601
9415
2549
2512
2536
2535
2575
2535
2591
2508
2625
2596
12348
12303
12282
11711
11902
11632
11691
12106
11867
11785
10762
10277
11341
10722
11333
10949
11017
11024
10921
10625
3215
3174
3154
3208
3049
3195
3166
3257
3140
3139
13742
14143
13432
13709
13597
13828
14494
14482
13270
13574
12757
12748
12555
12626
12593
13051
13437
12830
12942
12464
3796
3728
3757
3755
3757
3852
3896
3809
3656
3692
15759
15871
15098
15006
15328
15954
15471
14836
15351
15474
14546
14272
14443
14826
14797
13889
14255
14349
14644
14315
4406
4366
4438
4443
4391
4607
4372
4480
4367
4412
17391
17075
17085
17391
16533
17417
17200
16262
17683
17398
15671
15471
16306
15993
15732
15792
16250
15987
15495
16392
5218
5247
5208
5041
5254
5047
5217
5032
5109
5074
18978
19805
18311
19489
18269
18722
18706
18337
19369
18508
18402
17423
17436
17068
17600
17612
17309
17349
18000
16676
5832
5641
5924
5838
5872
5765
5726
5826
5742
5759
20801
20874
20393
21133
20311
21818
20176
20285
19989
20177
18840
19072
19560
19199
19675
19641
18556
19581
19907
19383
6494
6493
6423
6432
6377
6451
6332
6540
6274
6500
22154
22390
22355
22215
21896
22656
22862
21618
22371
21823
19992
21021
20047
21624
21082
19947
21180
21216
20698
20970
7498
7208
7308
7427
7406
7426
7038
7462
7075
7430
23991
22805
24811
23633
24250
23922
24311
23493
23512
23896
22347
21384
22550
22453
22678
22582
21911
21669
22436
21945
8129
8097
8149
8129
8003
7985
8164
8113
8138
8474
25430
25838
25039
24987
26357
26336
25623
26510
26651
25050
23905
23704
23836
23936
23553
23737
23030
23955
24435
23989
8971
9097
8678
9103
8948
8725
8971
9139
8723
8909
27976
27435
27616
26990
27583
26839
26014
28056
26681
28339
25801
25748
24887
25442
25220
24921
25608
25935
25193
24869
9711
9692
9609
9559
9789
9558
9480
9408
9692
9673
28733
29096
28151
29238
29901
29369
28499
28879
28905
29548
27087
27161
26522
27498
27300
26882
27497
27370
27227
26939
10284
10393
10252
10463
10652
10451
10454
10537
10581
10883
30463
30442
30503
30614
31435
30509
30739
31523
29747
31484
29044
28785
29571
28684
29211
29112
29232
28383
29458
28199
11645
11112
11330
11322
11463
11486
11298
11520
11463
11282
32495
33205
33005
31942
34230
33616
32982
33417
31674
32590
30408
30741
30316
30174
29469
30522
29689
30669
30657
29776
12403
11961
12353
12051
11715
12047
12063
12173
11783
12322
34798
34277
34911
33647
34679
35451
34894
34594
34873
34527
32665
32581
32658
31761
31763
32413
32451
32908
32240
32424
13140
13101
12715
12877
13345
12921
13352
12839
13043
12960
36656
35690
35794
36804
37099
35114
35735
35687
35680
37344
33815
32951
33241
33064
34240
33694
33544
33911
32866
33545
13907
13744
13678
13376
14229
14181
14143
13692
13997
13890
38379
37765
38238
38986
38392
37523
38271
38600
37507
37112
35236
34721
34926
34403
34913
34737
35020
35203
35200
34750
14869
14718
14927
15109
14666
14768
15370
14711
14960
14622
38099
39877
38889
39348
39513
40435
40053
39297
39168
39284
36090
35711
35959
36181
35996
36734
36493
36292
36151
36321
15810
15921
15767
15512
15740
16029
15771
15480
15981
15612
40940
41506
41804
42319
41879
41717
41380
41071
41343
40425
37636
37683
38934
37984
37631
38531
37864
38015
38867
37998
16541
16294
16625
16699
16701
16323
16864
16278
16554
16391
42135
42243
41928
43576
42924
43817
43510
42228
42389
42692
39818
39841
39211
40268
39779
40140
39993
39987
39440
40140
17193
17673
17170
17076
17591
17213
17150
17736
17421
17574
44525
44965
43770
45057
45200
44419
44547
45005
43933
46004
41110
41558
42104
41778
40766
41881
41383
41574
42828
41834
18633
18355
18434
18499
18702
18137
18081
18781
18598
18271
46451
46218
45863
46827
46312
45843
47167
46717
47896
46642
43062
42847
43127
43281
43446
43429
43758
43387
43403
42389
19695
19212
19256
19401
18961
18995
19442
19758
19316
19174
48587
46959
48090
47105
48652
47584
47258
48940
48463
48027
43789
44792
44206
44703
44888
44695
45442
43945
44908
44826
20475
20316
20258
20254
20386
20726
20319
20493
20227
20326
50112
48901
50341
49688
50215
50597
49728
50794
50343
49579
46325
45974
46736
47241
46169
46470
46315
46557
45997
46246
20730
20832
20872
21479
21272
21168
21277
21272
20978
21492
51395
52170
52461
52213
52400
50851
51439
52232
52023
51963
48218
48153
47986
47799
47735
48074
47389
47584
47953
47809
