0.0212
0.0208
0.0198
0.0193
0.0196
0.0194
0.0196
0.0202
0.0212
0.0195
0.0481
0.0572
0.0508
0.0509
0.0511
0.0498
0.049
0.0565
0.0452
0.0486
0.036
0.0377
0.0393
0.0359
0.0398
0.0364
0.037
0.0359
0.0368
0.0359
0.0403
0.0399
0.0402
0.041
0.0395
0.0396
0.0389
0.0387
0.0398
0.0412
0.1004
0.096
0.0957
0.1016
0.0914
0.1263
0.0994
0.0952
0.1034
0.0966
0.0742
0.0754
0.0748
0.0745
0.0738
0.0754
0.0752
0.0756
0.0732
0.0715
0.0609
0.0626
0.0622
0.0628
0.062
0.0604
0.0614
0.0612
0.062
0.0612
0.1411
0.1556
0.1419
0.1483
0.1463
0.1443
0.1476
0.1521
0.1454
0.1494
0.109
0.1103
0.1098
0.1054
0.1099
0.1147
0.1064
0.1107
0.1076
0.1081
0.0884
0.0888
0.0863
0.0872
0.0846
0.0886
0.0875
0.0872
0.0855
0.0875
0.2234
0.1974
0.1904
0.2099
0.1977
0.1946
0.1972
0.1975
0.1944
0.1909
0.1497
0.1498
0.146
0.1438
0.1503
0.1479
0.1477
0.1446
0.1515
0.1466
0.112
0.1113
0.1136
0.1136
0.1128
0.1143
0.117
0.1149
0.1128
0.1131
0.2389
0.2333
0.25
0.2519
0.2553
0.2522
0.2389
0.2592
0.2532
0.2451
0.1813
0.1768
0.1801
0.1891
0.1814
0.1801
0.1832
0.1773
0.184
0.1792
0.1393
0.1383
0.1384
0.1391
0.1415
0.1392
0.1388
0.1391
0.1376
0.1374
0.2918
0.2875
0.2934
0.2927
0.2926
0.3045
0.2863
0.3064
0.2925
0.2835
0.2239
0.2131
0.2183
0.2122
0.213
0.2189
0.2169
0.2141
0.2254
0.2177
0.1681
0.1656
0.167
0.1694
0.1702
0.1693
0.168
0.1668
0.1719
0.1698
0.3437
0.3503
0.3505
0.336
0.3422
0.3341
0.3309
0.3456
0.3401
0.3409
0.2526
0.2467
0.263
0.2566
0.2638
0.2575
0.2574
0.2582
0.2562
0.2481
0.1955
0.1988
0.1916
0.194
0.1924
0.1948
0.1975
0.1965
0.1967
0.1968
0.3898
0.3946
0.3892
0.394
0.381
0.4006
0.4171
0.4302
0.395
0.3837
0.3076
0.3199
0.3017
0.2991
0.3169
0.3115
0.2965
0.2994
0.2908
0.2881
0.2226
0.2238
0.225
0.2187
0.2201
0.2293
0.226
0.2266
0.2197
0.2167
0.4385
0.4414
0.4245
0.4203
0.4307
0.4427
0.4348
0.4227
0.4331
0.4357
0.3296
0.3275
0.3372
0.3426
0.3336
0.3336
0.3318
0.3315
0.3456
0.3406
0.262
0.2574
0.2519
0.2538
0.2488
0.2595
0.25
0.2497
0.2493
0.2502
0.4976
0.4883
0.4978
0.4963
0.4772
0.4977
0.4901
0.4941
0.5242
0.4877
0.3571
0.3654
0.3692
0.3672
0.3551
0.3693
0.377
0.36
0.3566
0.365
0.2954
0.2796
0.2817
0.2748
0.28
0.2783
0.2844
0.2805
0.2812
0.2882
0.6097
0.5605
0.5139
0.5355
0.519
0.5274
0.5295
0.5187
0.5472
0.5198
0.4117
0.3952
0.4039
0.4019
0.404
0.4079
0.3991
0.3909
0.3999
0.3831
0.3181
0.308
0.3107
0.3102
0.3109
0.3122
0.3151
0.3208
0.3092
0.314
0.5807
0.5957
0.5717
0.5918
0.5699
1.0591
0.5981
0.5898
0.5636
0.5805
0.4285
0.4377
0.4368
0.4349
0.443
0.4424
0.4238
0.4362
0.4419
0.4354
0.3581
0.3492
0.3513
0.3444
0.3442
0.3412
0.3385
0.3445
0.3429
0.3455
0.6289
0.6261
0.6516
1.24
0.6475
0.6428
0.6563
0.6262
0.6363
0.625
0.5036
0.5032
0.4609
0.4795
0.4714
0.472
0.4774
0.4799
0.474
0.4858
0.3756
0.3879
0.3885
0.3904
0.3893
0.3824
0.3721
0.3745
0.3665
0.3707
0.6633
0.6498
0.7023
0.6728
0.7026
0.6701
0.6813
0.6529
0.6575
0.6813
0.5074
0.501
0.5075
0.5304
0.5081
0.4999
0.4956
0.4915
0.5017
0.4944
0.402
0.4003
0.4047
0.4018
0.4106
0.4037
0.407
0.4137
0.4138
0.4264
0.719
0.7237
0.7112
0.7287
0.7389
0.7538
0.7472
0.7547
0.7645
0.7194
0.6635
0.5474
0.5439
0.549
0.5587
0.5338
0.5254
0.5399
0.5649
0.5381
0.4408
0.4386
0.435
0.4409
0.4335
0.4354
0.4309
0.4569
0.4272
0.4308
0.7744
0.784
0.7851
0.7585
0.775
0.7505
0.741
0.7773
0.7541
0.8012
0.6474
0.5941
0.5809
0.5806
0.5744
0.5682
0.5756
0.5807
0.5707
0.5668
0.478
0.4829
0.482
0.4704
0.4721
0.4711
0.4643
0.4694
0.4752
0.4821
0.8157
0.8123
0.7962
0.8152
0.8224
0.8205
0.7924
0.874
0.8129
0.816
0.6108
0.6089
0.6
0.6116
0.6118
0.6039
0.6171
0.6095
0.6092
0.6076
0.4997
0.5085
0.501
0.5051
0.5051
0.509
0.5026
0.5056
0.5066
0.5143
0.8643
0.8575
0.8542
0.8631
0.8788
0.8631
0.8726
0.8822
0.8561
0.8768
0.6554
0.6559
0.6858
0.6468
0.6741
0.6565
0.6554
0.6448
0.6573
0.6398
0.5487
0.5311
0.5357
0.559
0.5377
0.5455
0.5324
0.5439
0.538
0.5297
0.9081
0.9174
0.912
0.9047
0.9484
0.9372
0.92
0.9374
0.9114
0.9435
0.6927
0.6973
0.6879
0.6773
0.6655
0.6859
0.6773
0.6893
0.6869
0.6736
0.5774
0.5768
0.5878
0.571
0.5716
0.5689
0.5685
0.5696
0.5894
0.5736
0.9755
0.9845
0.9806
0.9759
0.9959
0.9914
0.9967
0.9674
0.976
1.0421
0.7352
0.7366
0.7279
0.7134
0.7092
0.7241
0.784
0.7316
0.7207
0.7283
0.6066
0.6073
0.5954
0.6023
0.6043
0.5931
0.6121
0.5958
0.6087
0.6055
1.0142
1.0147
0.9958
1.0256
1.0861
0.989
1.0065
1.005
1.0116
1.0564
0.7646
0.7541
0.7817
0.7539
0.7659
0.7555
0.7676
0.7696
0.7486
0.7584
0.6616
0.656
0.6202
0.63
0.6483
0.6488
0.6422
0.6423
0.6478
0.642
1.0608
1.0544
1.061
1.0657
1.059
1.0449
1.0403
1.0723
1.0532
1.0412
0.7876
0.7861
0.7782
0.7734
0.7815
0.8243
0.7897
0.7905
0.7929
0.7875
0.6807
2.533
0.6717
0.6754
0.6704
0.6818
0.6874
0.6738
0.6843
0.6728
1.0769
1.1191
1.1157
1.1217
1.1382
1.1665
1.1275
1.1095
1.0968
1.1991
0.8178
0.8129
0.8149
0.8186
0.8181
0.8292
0.8252
0.8233
0.8214
0.8253
0.7175
0.7341
0.7393
0.7242
0.723
0.7334
0.7384
0.7207
0.7306
0.7279
1.1492
1.1913
1.17
1.1976
1.1687
1.1763
1.1664
1.1653
1.1612
1.1394
0.8588
0.8626
0.8743
0.8663
0.8684
0.8875
0.8536
0.8589
0.8674
0.8548
0.7378
0.7365
0.7478
0.7566
0.7582
0.7504
0.761
0.758
0.7489
0.741
1.1969
1.1864
1.185
1.2078
1.1918
1.2888
1.1977
1.1829
1.1779
1.1882
0.8935
0.8912
0.8838
0.9119
0.8948
0.902
0.9042
0.9025
0.8981
0.8911
0.7892
0.797
0.7795
0.7767
0.7857
0.7811
0.7735
0.7968
0.7974
0.7869
1.2509
1.2607
1.2426
1.2523
1.2526
1.2531
1.263
1.2779
1.2298
1.2735
0.9273
0.9354
0.9474
0.9426
0.9272
0.9392
0.9447
0.9438
0.9518
0.9469
0.8453
0.8249
0.8166
0.8282
0.8437
0.8035
0.8012
0.8189
0.8202
0.8182
1.3431
1.3275
1.3168
1.297
1.3029
1.3038
1.3122
1.3037
1.3315
1.3009
1.0055
1.0002
0.9786
0.981
0.993
0.9797
0.9891
0.9793
0.9715
0.9677
0.8625
0.8558
0.871
0.8701
0.8738
0.8731
0.8808
0.8979
0.8796
0.8882
1.3668
1.3475
1.3636
1.3442
1.3694
1.3774
1.3535
1.375
1.3693
1.3749
0.9998
1.0224
1.0035
1.0065
1.0191
1.0025
1.0092
0.9943
1.0098
1.0044
0.8972
0.8831
0.8828
0.8856
0.8983
0.8955
0.889
0.9104
0.8895
0.8833
1.3955
1.3856
1.4053
1.3885
1.3927
1.4119
1.3975
1.4309
1.401
1.4231
1.0481
1.031
1.0844
1.0898
1.0351
1.0385
1.036
1.0483
1.0431
1.0491
0.9472
0.9322
0.9258
0.9475
0.938
0.9312
0.9547
0.9593
0.9403
0.9446
1.4397
1.4807
1.4507
1.4533
1.4647
1.4489
1.4534
1.4652
1.4639
1.5174
1.1148
1.1021
1.0817
1.0975
1.108
1.0799
1.069
1.0747
1.0837
1.0776
