0.0159
0.0196
0.0179
0.0201
0.0165
0.0199
0.0185
0.0196
0.0153
0.0195
0.0222
0.0225
0.0215
0.0231
0.0305
0.0245
0.0246
0.0284
0.0238
0.0207
0.0174
0.0158
0.0171
0.0157
0.0188
0.0156
0.0191
0.0162
0.0192
0.0162
0.0463
0.0396
0.0399
0.0418
0.0386
0.0421
0.0361
0.0435
0.0373
0.039
0.0452
0.0469
0.0517
0.0513
0.0463
0.0533
0.0551
0.0543
0.0555
0.0597
0.0377
0.0335
0.0395
0.0362
0.0356
0.0345
0.0354
0.0377
0.0387
0.0398
0.0643
0.0609
0.0715
0.0762
0.0669
0.062
0.0679
0.0703
0.0616
0.0629
0.0885
0.077
0.0867
0.0849
0.086
0.0762
0.0853
0.1136
0.0802
0.0835
0.0562
0.0646
0.0606
0.0617
0.0556
0.0603
0.0588
0.0539
0.0574
0.0549
0.0861
0.0902
0.0967
0.0888
0.1169
0.0938
0.0872
0.0881
0.0975
0.088
0.1197
0.1304
0.1171
0.1248
0.1273
0.1195
0.1395
0.1299
0.1257
0.1153
0.0816
0.0886
0.0873
0.085
0.0799
0.0912
0.0786
0.0892
0.0861
0.1016
0.1112
0.1227
0.1225
0.1256
0.1122
0.1115
0.1229
0.1253
0.1199
0.1226
0.1684
0.1713
0.1746
0.188
0.1783
0.1767
0.171
0.1873
0.1686
0.1608
0.1235
0.1011
0.0975
0.1021
0.1153
0.1095
0.1057
0.1041
0.1087
0.1021
0.1435
0.1405
0.1374
0.1354
0.1488
0.1468
0.164
0.15
0.15
0.1395
0.2355
0.2413
0.2023
0.1902
0.2154
0.2262
0.2232
0.2248
0.1961
0.2125
0.1358
0.1421
0.1346
0.1396
0.1406
0.1327
0.1389
0.1257
0.1304
0.1256
0.1608
0.1801
0.1617
0.1845
0.1771
0.1678
0.1995
0.1703
0.1736
0.1643
0.2807
0.2637
0.2613
0.2591
0.2975
0.2498
0.2641
0.2922
0.287
0.267
0.1679
0.1642
0.1812
0.1702
0.1835
0.168
0.1561
0.1593
0.1824
0.1614
0.2039
0.2221
0.2287
0.2101
0.1945
0.1878
0.2094
0.2207
0.2152
0.2169
0.3421
0.3345
0.317
0.3348
0.3433
0.3014
0.3355
0.3498
0.3455
0.3309
0.1973
0.1986
0.209
0.1981
0.191
0.191
0.1948
0.2013
0.2029
0.1947
0.2275
0.2431
0.2237
0.2477
0.2173
0.2284
0.231
0.2662
0.2248
0.2091
0.4107
0.3924
0.3846
0.3655
0.3593
0.375
0.3779
0.3374
0.3968
0.3602
0.2291
0.2463
0.2385
0.2329
0.2268
0.2354
0.2212
0.2236
0.229
0.2429
0.2508
0.2752
0.2648
0.2436
0.2494
0.2782
0.2487
0.2763
0.2635
0.2569
0.4622
0.4505
0.4555
0.4254
0.4382
0.4563
0.4443
0.4724
0.4743
0.4708
0.2612
0.2893
0.2576
0.2607
0.2664
0.2718
0.2636
0.2733
0.257
0.2639
0.3255
0.2831
0.2994
0.269
0.2989
0.2849
0.2739
0.2897
0.2902
0.2876
0.5729
0.5155
0.5101
0.5469
0.5418
0.5472
0.5222
0.5152
0.5502
0.5372
0.3059
0.3282
0.3161
0.3108
0.3229
0.3093
0.3027
0.2936
0.2894
0.2944
0.3018
0.2962
0.3237
0.3145
0.3024
0.307
0.3217
0.2854
0.3238
0.313
0.6063
0.5539
0.6023
0.6052
0.5913
0.5807
0.5972
0.6553
0.5641
0.681
0.3403
0.3491
0.3644
0.358
0.3648
0.354
0.3493
0.3362
0.3547
0.3304
0.3323
0.3335
0.3736
0.3465
0.3547
0.3647
0.3205
0.3287
0.3802
0.3383
0.6481
0.7307
0.6455
0.6928
0.7418
0.7364
0.7279
0.6893
0.6769
0.7126
0.3659
0.3654
0.3491
0.3656
0.3854
0.3622
0.3938
0.3669
0.3947
0.3554
0.4371
0.3884
0.353
0.377
0.3453
0.3476
0.3637
0.3951
0.356
0.3681
0.7976
0.7286
0.7957
0.803
0.7564
0.7781
0.8379
0.8357
0.7886
0.8946
0.4368
0.4605
0.4467
0.4127
0.5042
0.3749
0.4042
0.4125
0.4443
0.4153
0.4477
0.4086
0.4305
0.3912
0.4047
0.4118
0.4367
0.3803
0.4203
0.397
0.9107
0.7989
0.9137
0.8955
0.8743
1.1249
0.8487
0.846
0.8568
0.8518
0.4722
0.4903
0.4667
0.4898
0.4901
0.5095
0.5037
0.4916
0.4731
0.4738
0.4188
0.4644
0.4289
0.4462
0.434
0.4487
0.5169
0.4654
0.4302
0.4414
0.9778
0.974
0.9327
0.9633
0.963
0.8997
0.976
0.9898
0.9079
0.8962
0.5559
0.515
0.4939
0.5185
0.4996
0.4929
0.5148
0.5108
0.5331
0.4897
0.4844
0.4392
0.428
0.4617
0.4645
0.4651
0.4477
0.4465
0.4475
0.4789
1.068
1.1176
1.1332
1.0692
1.1246
0.9764
1.0404
1.0669
1.0458
1.0377
0.5812
0.6002
0.5584
0.5565
0.5878
0.5594
0.5643
0.5826
0.5702
0.5875
0.489
0.4669
0.5024
0.5525
0.5137
0.5183
0.5294
0.4668
0.5104
0.4905
1.0961
1.1437
1.2177
1.1106
1.1478
1.2082
1.1448
1.1636
1.2586
1.1017
0.6018
0.6453
0.6695
0.6093
0.6022
0.5966
0.5928
0.5703
0.5552
0.592
0.5255
0.5197
0.5836
0.5437
0.4973
0.5107
0.5222
0.6044
0.5143
0.4983
1.3896
1.1979
1.4039
1.3071
1.2933
1.2387
1.2523
1.2653
1.2583
1.3102
0.7154
0.6922
0.7267
0.6923
0.7007
0.6337
0.7
0.6659
0.6891
0.7045
0.5386
0.5277
0.5345
0.5582
0.5303
0.523
0.5459
0.6024
0.5247
0.5214
1.3739
1.2401
1.3745
1.5751
1.3609
1.3154
1.5053
1.3288
1.4429
1.5025
0.7513
0.7472
0.7665
0.6897
0.7111
0.6967
0.7304
0.7422
0.6957
0.7272
0.5959
0.5583
0.5523
0.5868
0.582
0.5644
0.562
0.5949
0.5893
0.5849
1.5403
1.55
1.4724
1.5594
1.5094
1.4911
1.4849
1.5084
1.5619
1.4725
0.7649
0.7608
0.8054
0.8136
0.6845
0.7713
0.7826
0.8073
0.7999
0.7543
0.6449
0.5989
0.5822
0.7203
0.6624
0.6254
0.6587
0.6304
0.6143
0.623
1.5684
1.5948
1.6972
1.6685
1.6609
1.569
1.6776
1.6249
1.5857
1.6161
0.8815
0.8948
0.8962
0.8602
0.8849
0.8875
0.8471
0.8628
0.8669
0.9089
0.6869
0.6123
0.5969
0.6663
0.6525
0.6609
0.773
0.6097
0.6295
0.6663
1.9002
1.7911
1.7616
1.8567
1.6486
1.8896
1.9567
1.7833
1.7221
1.7946
0.9858
1.0255
0.8926
0.883
0.9705
0.906
0.93
0.9671
0.8632
0.9199
0.6454
0.6615
0.7704
0.7164
0.693
0.6393
0.7119
0.6863
0.7436
0.6979
1.8092
1.7849
1.9279
1.9187
1.8886
1.8699
1.9179
1.8927
2.0099
1.9057
0.9824
0.9403
1.029
1.017
0.9297
0.9474
1.0061
0.9551
0.9892
1.008
0.6869
0.7013
0.6811
0.7168
0.7528
0.7014
0.7689
0.7356
0.7246
0.6908
2.2146
2.1683
2.0728
2.0257
2.1263
2.0542
2.0249
2.0522
2.1072
2.0321
1.0146
1.0195
1.0487
1.0201
1.0517
1.0167
1.0846
1.0169
1.0598
1.0305
0.7883
0.8169
0.8302
0.8022
0.7869
0.8121
0.716
0.7884
0.742
0.7206
2.1367
2.4456
2.1768
2.2196
2.1465
2.178
2.1862
2.2132
2.0494
2.1217
1.1582
1.1013
1.0427
1.087
1.0958
1.0926
1.2038
1.1834
1.1099
1.1551
0.7834
0.7266
0.7449
0.7663
0.7867
0.7762
0.7679
0.814
0.7963
0.7895
2.3471
2.637
2.5918
2.4506
2.3288
2.3425
2.5775
2.4681
2.3215
2.678
1.2096
1.1621
1.144
1.1416
1.1382
1.1495
1.0939
1.0989
1.1154
1.1885
0.8808
0.9126
0.7778
0.8884
0.8238
0.7745
0.864
0.8378
0.8657
0.8327
2.4963
2.4528
2.5801
2.4338
2.6174
2.5151
2.4748
2.3275
2.5127
2.4535
1.2879
1.2967
1.1886
1.2053
1.1572
1.3231
1.309
1.1981
1.1688
1.2301
0.8819
0.8376
0.9284
0.8353
0.8391
1.0006
0.8831
0.8894
0.8406
0.9005
2.5243
2.6014
2.8222
2.9265
2.5916
2.5883
2.5352
2.7114
2.613
2.7339
1.4148
1.3566
1.3104
1.3546
1.3571
1.4314
1.2859
1.3177
1.2195
1.2446
0.9812
0.8757
0.8599
0.8575
0.9233
0.8414
0.882
0.8664
0.8531
0.9124
2.7355
2.9508
2.8897
2.9921
2.6997
2.7557
2.871
2.8352
2.7205
2.8069
1.3653
1.5579
1.4397
1.3112
1.4315
1.3958
1.4571
1.4047
1.3619
1.4614
