967
982
954
1023
1003
967
970
1018
926
1016
758
747
751
753
743
750
752
755
751
750
826
834
832
828
838
840
832
833
834
830
2262
2411
2345
2308
2320
2335
2254
2380
2189
2211
1696
1702
1696
1700
1708
1706
1699
1707
1699
1708
1986
1863
1862
1863
1862
1853
1865
1863
1864
1865
3712
3822
3745
3654
3715
3775
3418
3847
3775
3788
2722
2709
2715
2726
2740
2724
2718
2716
2726
2712
2971
2965
2988
2982
2984
2975
2967
2975
2983
2981
5076
5059
5177
5287
5107
5093
5107
5130
5345
5335
3808
3816
3799
3822
3799
3815
3806
3806
3798
3822
4121
4123
4128
4131
4121
4121
4124
4135
4124
4154
7059
6757
6837
6738
6810
6662
6937
6746
6730
6777
5046
5034
5025
5043
5036
5044
5029
5041
5042
5040
5142
5158
5142
5146
5153
5157
5142
5134
5144
5148
8203
8583
8206
8015
8178
8241
8230
7984
8357
8434
6033
6040
6038
6025
6022
6034
6033
6052
6034
6040
6557
6567
6547
6558
6548
6563
6552
6534
6559
6567
10210
9821
9772
10273
9897
9878
9806
10235
9403
10230
7165
7188
7193
7207
7180
7185
7184
7186
7198
7178
7860
7862
7846
7855
7846
7854
7841
7847
7838
7851
11610
12084
11736
12012
11107
11897
12183
12058
11817
11844
8422
8398
8441
8425
8400
8424
8415
8433
8429
8414
9041
9053
9079
9073
9063
9046
9069
9154
9056
9054
13592
12973
13400
13424
13195
13045
13491
13720
13119
13393
9680
9689
9703
9723
9674
9703
9691
9683
9692
9687
10222
10197
10213
10207
10234
10214
10229
10493
10243
10230
14575
15008
15058
15417
14887
15744
15397
14882
14901
15135
11071
11086
11087
11086
11067
11054
11078
11078
11069
11072
11283
11300
11290
11290
11284
11305
11278
11314
11300
11315
17351
17014
16997
17365
16760
17058
17069
17231
16972
16900
12176
12170
12157
12184
12160
12155
12151
12165
12169
12162
12798
12769
12783
12799
12796
12793
12769
12801
12781
12821
18979
18270
18736
18190
18587
19117
18707
19420
18520
18428
13264
13302
13290
13257
13286
13281
13298
13313
13274
13290
14305
14357
14302
14302
14302
14290
14340
14315
14334
14315
20408
20382
21228
21323
20966
20040
20678
20152
20978
19749
14516
14535
14516
14525
14533
14503
14537
14501
14507
14537
15725
15709
15703
15677
15719
15703
15726
15716
15719
15700
22975
22467
22182
22119
21891
22251
22621
22810
22112
21963
15771
15761
15766
15786
15777
15780
15785
15758
15756
15765
17104
17122
17100
17117
17331
17093
17112
17103
17082
17111
24228
24279
24495
24393
23611
24683
24135
24152
22941
24042
17131
17106
17144
17129
17165
17142
17153
17145
17133
17126
18389
18364
18376
18373
18375
18364
18384
18371
18379
18545
25426
26386
25440
25919
25689
26045
25847
25620
26170
25894
18418
18422
18429
18430
18449
18431
18422
18418
18423
18457
19726
19717
19713
19716
19718
19733
19723
19714
19694
19697
28298
27741
27010
28312
26945
28368
28608
28417
28384
26759
19723
19723
19725
19717
19722
19736
19702
19695
19693
19690
21084
21089
21085
21073
21061
21065
21083
21074
21067
21086
30952
29533
29191
30304
29011
31289
30262
29393
30224
30390
21190
21210
21179
21180
21179
21189
21194
21205
21176
21184
22252
22253
22261
22252
22215
22246
22231
22253
22249
22244
32002
31547
32535
31936
33026
31569
32077
31745
31927
31882
22604
22559
22572
22597
22571
22554
22598
22584
22587
22570
23496
23493
23504
23505
23608
23516
23532
23521
23516
23669
33500
34193
32975
33235
33142
33962
33790
33865
33937
33370
24135
24142
24111
24124
24125
24126
24103
24147
24134
24108
24587
24608
24572
24567
24575
24614
24553
24591
24583
24593
35601
36689
35652
34903
34936
34525
34471
35089
35262
35065
25434
25408
25458
25438
25447
25436
25469
25447
25421
25451
26029
26017
26021
26057
25997
26025
26021
25996
26072
26030
37183
36845
37672
38073
38061
37077
38405
36612
37451
36359
26536
26529
26554
26518
26543
26511
26518
26508
26544
26541
27803
27799
27770
27794
27796
28053
27797
27765
27791
27781
39965
39497
38396
38710
38816
38069
40045
39305
39877
38629
27784
27798
27825
27793
27796
27781
27787
27816
27801
27796
29383
29485
29319
29364
29378
29350
29377
29361
29350
29359
40836
42493
41999
40910
42333
42281
41974
41303
42397
41209
28965
28971
28959
28996
28966
28976
29000
28962
28960
28969
31476
31160
31023
31028
31042
31009
31020
31032
31019
31038
45251
43633
43106
44640
42181
42266
42642
44012
44174
43133
30295
30320
30318
30314
30336
30292
30321
30304
30314
30313
32579
32512
32502
32538
32517
32538
32567
32511
32529
32521
44921
44898
43714
45687
45004
44927
45687
45911
45305
45824
31659
31653
31669
31622
31667
31643
31651
31643
31613
31625
33998
33986
33991
34005
34019
34082
34021
34024
34101
34021
47391
46466
47358
47115
47015
46836
47198
47939
45945
47497
32914
32930
32951
32929
32942
32903
32951
32930
32918
32949
35593
35605
35555
35549
35590
35739
35580
35583
35592
35575
47650
49616
49177
48605
49565
50036
49074
48565
47838
49614
34348
34357
34349
34337
34338
34343
34360
34350
34328
34366
37013
37020
36968
37005
37004
37016
36979
37022
36969
37021
50738
51970
52158
51702
52137
50776
50560
51656
50897
52452
35746
35729
35724
35714
35727
35709
35737
35730
35734
35708
38456
38483
38473
38462
38432
38543
38433
38488
38544
38452
54279
53639
54433
53206
52537
53658
53885
53113
53262
53037
37284
37319
37270
37250
37277
37268
37284
37267
37227
37257
39752
39741
39726
39763
39779
39795
39781
39722
39784
39756
