0.0679
0.0613
0.0547
0.0587
0.0567
0.0548
0.0565
0.0546
0.0555
0.0545
0.0534
0.0526
0.0512
0.0521
0.0526
0.0547
0.0519
0.0517
0.0539
0.054
0.053
0.0532
0.0522
0.0538
0.0539
0.0524
0.0516
0.053
0.0568
0.0509
0.1286
0.1261
0.1232
0.1286
0.1245
0.1271
0.1217
0.1279
0.126
0.1218
0.1228
0.1167
0.1154
0.1173
0.1156
0.1164
0.1229
0.1263
0.1189
0.1164
0.1204
0.1157
0.1174
0.1321
0.1177
0.1182
0.1181
0.123
0.1164
0.1269
0.1999
0.201
0.1975
0.1945
0.2011
0.2006
0.2151
0.2049
0.1966
0.1967
0.1891
0.194
0.194
0.1896
0.1817
0.1836
0.1997
0.1853
0.1847
0.1875
0.1902
0.1913
0.1919
0.1847
0.19
0.1885
0.1982
0.1896
0.1897
0.181
0.272
0.2764
0.2768
0.2794
0.2811
0.2785
0.2862
0.2758
0.2767
0.2857
0.2585
0.2606
0.2445
0.2679
0.2573
0.2633
0.2594
0.2535
0.2667
0.2621
0.2597
0.2595
0.2558
0.2909
0.2689
0.2559
0.2759
0.259
0.267
0.2609
0.3573
0.3603
0.3622
0.349
0.3614
0.3485
0.3572
0.3483
0.3643
0.3594
0.3236
0.3542
0.357
0.3323
0.3328
0.3398
0.34
0.3507
0.3377
0.3589
0.3288
0.331
0.3254
0.3285
0.3309
0.3319
0.3261
0.3331
0.3321
0.3298
0.4336
0.4375
0.4256
0.4217
0.4344
0.4545
0.4259
0.4299
0.4344
0.4348
0.4216
0.4051
0.4076
0.409
0.4542
0.4019
0.4362
0.4329
0.4071
0.6381
0.4414
0.4177
0.4111
0.4082
0.4056
0.4116
0.4335
0.4232
0.4441
0.4059
0.5277
0.5121
0.5311
0.5363
0.5316
0.5335
0.5167
0.6267
0.5205
0.5068
0.4716
0.4971
0.5146
0.5002
0.4843
0.4792
0.5136
0.4777
0.4842
0.4818
0.5326
0.4912
0.4913
0.4815
0.5185
0.4936
0.485
0.5097
0.4962
0.4875
0.6278
0.6115
0.6035
0.6099
0.6037
0.6194
0.616
0.6115
0.6019
0.598
0.5545
0.566
0.5491
0.5825
0.5733
0.5599
0.5765
0.5646
0.6004
0.5643
0.5722
0.5638
0.5733
0.5906
0.6043
0.5722
0.592
0.5995
0.5696
0.5606
0.7047
0.689
0.7279
0.6889
0.6671
0.6842
0.7204
0.6955
0.6699
0.6969
0.6462
0.6448
0.644
0.6457
0.6506
0.6521
0.6849
0.6326
0.6258
0.6426
0.6471
0.6648
0.6381
0.6376
0.6778
0.6498
0.6487
0.6416
0.6753
0.6457
0.7667
0.7727
0.8046
0.805
0.7945
0.77
0.7607
0.7919
0.7823
0.7687
0.7245
0.7088
0.7305
0.7429
0.7098
0.762
0.7216
0.7343
0.7143
0.7681
0.7165
0.7245
0.7347
0.7257
0.7198
0.6995
0.7515
0.7305
0.7256
0.756
0.8538
0.8691
0.8681
0.8742
0.8546
0.8721
0.8632
0.871
0.8674
0.8612
0.8142
0.809
0.824
0.8165
0.8184
0.8279
0.8301
0.7919
0.8146
0.8331
0.7993
0.8111
0.7925
0.8298
0.8035
0.8685
0.8215
0.8084
0.8216
0.7892
0.9663
0.9337
0.9614
0.9709
0.9546
0.974
0.9487
1.037
0.9553
0.9398
0.8617
0.8636
0.901
0.8987
0.9518
0.8771
0.8922
0.9096
0.9019
0.8792
0.8953
0.8881
0.9051
0.8879
0.9106
0.8973
0.9293
0.9195
0.9051
0.889
1.0743
1.0208
1.0278
1.0841
1.0535
1.0102
1.0977
1.033
1.0313
1.0324
0.9473
1.0399
1.0203
0.9579
0.9716
0.9798
0.9709
1.0184
0.9912
0.9907
0.9732
0.9879
0.9766
0.973
0.9803
0.9916
0.9759
0.9904
0.9833
0.9661
1.1239
1.1528
1.1281
1.173
1.1503
1.1766
1.1661
1.1627
1.2423
1.1398
1.0859
1.0494
1.0699
1.0663
1.1331
1.0313
1.0587
1.0605
1.0509
1.0815
1.0792
1.0535
1.0658
1.0658
1.0603
1.0711
1.0518
1.0692
1.0827
1.0866
1.2179
1.2041
1.225
1.1833
1.2431
1.2166
1.249
1.2485
1.262
1.2748
1.2729
1.1921
1.1703
1.1933
1.1452
1.1474
1.1565
1.2103
1.1341
1.1788
1.1355
1.1596
1.2031
1.173
1.1514
1.1251
1.1738
1.1755
1.152
1.1758
1.3231
1.2998
1.3015
1.3636
1.3191
1.3079
1.3287
1.2992
1.334
1.3408
1.2064
1.2194
1.2204
1.2597
1.2433
1.3032
1.253
1.2504
1.2202
1.2384
1.2556
1.2458
1.2228
1.2356
1.2501
1.2258
1.221
1.2399
1.2072
1.3014
1.4223
1.458
1.4263
1.4539
1.3874
1.3894
1.394
1.471
1.4067
1.4349
1.2878
1.2918
1.3159
1.3781
1.3133
1.3332
1.2623
1.3156
1.4036
1.3227
1.3101
1.3214
1.3368
1.3732
1.3442
1.4287
1.3132
1.3408
1.3025
1.3887
1.5026
1.4793
1.5485
1.489
1.481
1.5229
1.5066
1.5356
1.5157
1.5095
1.3882
1.4334
1.4859
1.4103
1.3532
1.3806
1.4335
1.4093
1.3874
1.4133
1.4048
1.4199
1.3948
1.3914
1.4085
1.3981
1.4191
1.4078
1.3882
1.5221
1.6951
1.6101
1.5906
1.6753
1.6086
1.6629
1.6077
1.5488
1.5828
1.5841
1.4584
1.508
1.4821
1.5046
1.4924
1.5079
1.478
1.4538
1.6273
1.5779
1.5296
1.4947
1.5072
1.6315
1.4957
1.5613
1.4582
1.4847
1.6429
1.521
1.6574
1.7115
1.6782
1.6701
1.6699
1.6933
1.6892
1.6933
1.7061
1.6629
1.574
1.5674
1.5879
1.5376
1.6122
1.5759
1.5699
1.6125
1.6048
1.6013
1.5842
1.5398
1.5937
1.6298
1.6305
1.5794
1.5923
1.6402
1.6103
1.5306
1.8102
1.8971
1.7619
1.7763
1.7585
1.7668
1.7531
1.8568
1.7644
1.7869
1.6762
1.6471
1.631
1.6735
1.6433
1.6447
1.6296
1.6719
1.665
1.7842
1.638
1.6649
1.7237
1.6217
1.6163
1.7633
1.6681
1.6519
1.6452
1.6653
1.8557
1.8337
1.9021
1.9115
1.9407
1.8849
1.9203
1.8787
1.8662
1.8966
1.7215
1.7277
1.7094
1.7271
1.783
1.8903
1.7531
1.7216
1.7045
1.7432
1.7274
1.897
1.8859
1.7893
1.7477
1.8412
1.7477
1.7932
1.744
1.778
1.9821
2.0387
2.0304
1.9914
2.1944
1.9829
1.9795
1.9185
2.0009
1.9647
1.77
1.9109
1.8313
1.8051
1.8416
1.9177
1.8826
1.93
1.8211
1.8169
1.8393
1.852
1.8788
1.9952
1.8551
1.8953
1.8362
1.8838
1.8465
1.8133
2.0282
2.1186
2.0549
2.0984
2.0928
2.1197
2.0541
2.0893
2.1109
2.0781
1.8905
1.9144
1.9601
2.0008
1.8924
1.9311
1.9448
1.936
1.9758
1.8972
1.9679
1.9239
1.9085
1.9485
1.9465
1.9702
1.9738
1.9604
1.8972
1.883
2.9793
2.1468
2.1131
2.2287
2.1548
2.1434
2.1617
2.1427
2.1565
2.1226
1.9928
2.0633
2.0616
2.0217
1.9653
1.9772
2.0222
2.1308
2.0001
1.9872
2.1298
2.1414
2.0478
2.0789
2.06
2.0892
2.0153
1.9961
2.0311
1.9963
2.2355
2.2399
2.2468
2.3121
2.2978
2.2512
2.2467
2.287
2.2509
2.3049
2.1023
2.1629
2.2578
2.0739
2.1279
2.1087
2.1499
2.1102
2.151
2.091
2.2137
2.114
2.1385
2.2116
2.1609
2.148
2.137
2.1079
2.0776
2.1441
2.4533
2.409
2.4373
2.3485
2.383
2.3615
2.454
2.3736
2.3175
2.3196
2.2978
2.2378
2.1674
2.1991
2.2877
2.1989
2.3095
2.3631
2.1582
2.2045
2.2251
2.3081
2.2177
2.1984
2.308
2.2443
2.2578
2.2695
2.1405
2.2009
2.5492
2.4542
2.5224
2.4736
2.3986
2.4536
2.4816
2.4299
2.4028
2.4651
2.2859
2.294
2.3203
2.2623
2.3546
2.3046
2.2828
2.4081
2.1913
2.2933
2.3076
2.3523
2.2633
2.3549
2.314
2.3805
2.3463
2.3493
2.5979
2.2971
2.5058
2.6337
2.5832
2.5402
2.6163
2.5475
2.5936
2.5627
2.5183
2.5726
2.3916
2.4171
2.3484
2.3754
2.316
2.4159
2.4177
2.4159
2.4785
2.3524
2.3699
2.4236
2.4474
2.3762
2.3681
2.3849
2.4261
2.4136
2.3255
2.4227
2.7778
2.6052
2.6329
2.7464
2.6547
2.697
2.6714
2.6447
2.6823
2.6496
2.5519
2.5381
2.5714
2.442
2.5421
3.9842
2.4725
2.5121
2.4953
2.5223
2.4276
2.6028
2.4616
2.5095
2.4348
2.4479
2.4968
2.4903
2.5101
3.0987
