843
1099
981
1205
958
939
953
1052
866
1066
1467
1484
1572
1529
2098
1572
1709
1916
1535
1413
1783
1668
1710
1710
2131
1592
1914
1615
1883
1719
2711
2086
2200
2307
2103
2410
1971
2373
2076
2223
3187
3213
3363
3347
3078
3690
3471
3492
3634
3863
4054
3638
4093
3955
4004
3703
4145
3951
3963
4161
3669
3468
3498
4240
3491
3295
3859
3900
3355
3311
5838
5124
5720
5892
5913
5398
5843
5900
5284
5587
6095
6661
6729
6629
6462
6635
6157
6447
6178
6031
5073
5283
5238
4989
6096
5277
4810
4666
5100
4490
7901
8157
7462
8094
8303
7573
8625
8031
7805
7580
8903
9650
8907
9028
8936
9238
8821
9290
9440
8994
6099
6911
7241
7661
6527
6286
7202
7270
6187
6654
11186
11289
11180
12044
11545
11355
11164
11357
11068
10581
12185
11884
11512
11979
12031
12027
11780
12147
11681
11899
8068
8066
7706
8063
7778
8920
8272
8616
8515
7816
14721
14549
13296
13014
13911
14865
14415
14310
12711
13852
15091
15005
15117
15299
15257
14987
15048
15571
15368
15070
9569
10584
9448
10758
10161
9526
10607
9577
9845
9824
17574
17227
16810
16667
17927
16576
17543
19025
18278
16934
18357
18335
19059
18588
18734
18891
18412
18470
19244
18731
12135
11891
13154
12123
11051
11097
11241
12096
11853
12848
20975
20540
20386
21392
21378
20518
20874
21755
22495
21384
22010
22272
21834
22744
22333
21906
22632
21580
22923
22264
12632
14476
12699
13028
12771
13241
13570
14609
13243
12249
25309
24794
25191
24186
24123
23757
24125
23021
26174
23008
25826
25825
26228
26350
25325
25789
26121
26397
26011
26816
15054
16342
15848
13782
14985
15630
13775
16051
14849
14851
29860
28554
29200
28498
28051
29757
28886
30066
29058
29366
30852
30285
29853
30427
30637
29938
31038
31389
29736
30571
18963
16771
18144
15679
18174
17168
16102
17384
17670
16933
34539
33652
33738
35009
34111
34397
32817
33462
34484
33843
34882
34951
35077
34264
34582
34976
34859
34592
35355
34583
17187
17982
19382
18672
17562
19203
17973
16948
19958
17197
37448
35780
38396
38644
38256
37333
38258
40582
37456
41790
38870
40438
38965
39137
38839
38740
38974
39853
39180
39342
20183
20561
22085
20639
20172
21803
18608
19687
21598
19561
41353
46364
41062
44141
45791
45193
44840
43346
43746
44370
44044
45292
43001
43921
45828
43653
44231
44995
44886
43545
25466
23841
20992
22937
20514
20173
22084
24792
20407
20706
48505
46217
49602
48365
48035
50805
50595
50290
48840
51524
49613
49193
49122
49450
49525
48020
49093
48858
49207
48792
23727
25838
27912
24453
25226
23767
24897
22384
24224
23447
56384
53228
56028
55928
54075
51649
55470
53200
54980
54502
55254
55819
54161
55113
55684
54554
56239
54674
54437
54614
24496
28343
24222
27047
25896
25347
29487
29179
24608
25511
60942
63099
58606
60107
59037
55804
61744
61361
58083
57603
60398
60021
61764
61596
60396
60765
60025
60037
60431
60110
30637
26075
25246
27252
28814
28174
26126
26375
27079
27456
67197
71610
66350
67335
70374
61893
64643
68356
65697
63713
66637
66451
67104
66935
65883
65944
66672
65994
68403
67091
29612
28405
30109
36701
30432
30249
31314
28411
29845
28195
71477
72056
76273
67030
71038
77516
71694
74200
78701
72606
72718
73395
73329
71824
72762
73969
72668
71890
72617
72040
31206
30231
34107
32700
30754
29758
32390
34886
29755
29211
86658
77507
86692
80294
83360
75729
74885
80434
77006
83249
81269
79699
79594
78408
79130
78805
80013
78753
79259
79107
32019
31658
31362
32081
32408
30864
32894
36208
31212
32321
85982
79435
87546
95804
85635
82216
90239
85927
89563
90327
87126
85650
86005
84858
85746
85243
85691
86568
84946
84117
36085
34843
32018
34217
35627
33710
34069
35077
36671
33726
93118
95329
93013
96754
93468
92387
93190
92122
97584
94438
91503
91512
93634
92695
90902
91903
91231
90476
91577
91878
39001
35226
36000
41550
38249
39535
41858
39191
36530
36919
98279
100005
102280
102118
107898
100020
106424
101514
97429
102476
99946
99780
101015
100452
99609
99471
101728
100371
100656
103064
43769
36993
35483
42042
37627
39241
41679
37140
36468
38406
117224
112838
110068
117138
104485
117046
114423
117729
107619
114052
108348
107263
106968
106380
107822
106584
106306
109562
108306
106986
39318
39916
44787
41884
39304
40164
44320
42415
41275
40789
114232
112036
121170
119879
120918
116335
118901
117805
127022
118421
116314
116212
115362
116169
116006
114356
114379
114579
116030
115904
42441
43879
40702
44493
45730
42524
49938
43708
44145
40503
136600
133714
130148
120274
133435
124660
124064
130456
131683
125615
122925
123492
122975
120434
123115
122609
123096
121110
125592
123450
46345
49125
53225
49237
47337
49722
45118
42898
44504
42521
128755
139669
139453
137832
136720
133122
137806
137278
130232
138387
130575
132604
129024
129551
131715
131420
131637
130158
133871
133096
48085
44107
44797
46284
47923
48596
47478
49813
45270
47133
147576
146032
154348
151123
145121
149248
155940
150810
142237
150907
139627
138521
139302
137859
139443
138872
136704
141400
140324
140168
48523
55366
48194
50836
47751
45753
52892
48556
49980
48719
157072
148857
161824
153368
160411
151427
151254
147849
155199
151952
147999
150761
146517
148531
149240
149340
148324
146126
147651
146312
50870
51705
53719
52660
50229
57245
52783
54615
51817
54979
159842
164194
166111
169913
163502
163318
160835
164556
161818
171423
157249
156618
155710
155620
158634
155926
156683
156320
155921
157191
60630
51951
50518
50773
52200
51052
53543
52461
50596
58363
169227
176306
180855
170886
168519
169827
178205
174614
174361
174816
161417
167318
163676
165137
164708
164215
164718
165570
164610
163755
